[PERMANENT]
map = [(0, 16), (1, 16), (2, 16), (3, 15), (3, 16), (4, 13), (4, 15), (4, 16), (5, 12), (5, 13), (5, 14), (5, 15),
           (5, 16), (6, 10), (6, 11), (6, 12), (7, 9), (7, 10), (7, 11), (8, 8), (8, 9), (8, 10), (8, 11), (8, 12),
           (9, 7), (9, 8), (9, 9), (9, 10), (9, 11), (9, 12), (9, 13), (10, 8), (10, 9), (10, 10), (10, 11), (10, 12),
           (10, 13), (11, 8), (11, 9), (11, 10), (11, 11), (11, 12), (12, 8), (12, 9), (12, 10), (12, 11), (12, 12),
           (12, 13), (13, 9), (13, 10), (13, 11), (13, 12), (14, 11), (15, 6), (15, 7), (15, 8), (15, 9), (15, 10),
           (15, 11), (16, 5), (16, 6), (16, 7), (16, 8), (16, 9), (16, 10), (16, 11), (17, 5), (17, 6), (17, 7),
           (17, 9), (17, 10), (17, 11), (18, 5), (18, 6), (18, 7), (18, 8), (18, 9), (18, 10), (18, 11), (19, 5),
           (19, 6), (19, 7), (19, 8), (19, 9), (19, 10), (19, 11), (20, 5), (20, 6), (20, 7), (21, 5), (21, 6), (21, 7),
           (22, 5)]
portals = [(13, 8)]